Total amount of free biome ids: C:\Users\Leader\MultiMC\instances\AUPlay_Skyblock_ProjectE\minecraft\config\AntiIDConflict\biomes\avaibleIDs.txt
List of free biome ids:
60
61
62
63
64
65
66
67
68
69
70
71
72
73
75
76
77
78
79
80
81
82
83
84
85
86
87
88
89
90
97
98
107
108
109
110
111
112
113
114
115
116
117
118
127
128
135
136
137
138
139
141
142
143
144
145
146
147
148
150
152
153
154
159
168
169
170
171
172
173
174
175
176
177
178
179
180
181
182
183
184
185
186
187
188
189
190
191
196
197
198
199
200
201
202
203
204
205
206
207
208
209
210
211
212
213
214
215
216
217
218
219
220
221
222
223
224
225
226
227
228
229
230
231
232
233
234
235
236
237
238
239
240
241
242
243
244
245
246
255
